-1 -1 -1 -1 -1 -1 -1 -1 -1 -1 -1 -1 -1 -1 -1 -1 
-1 -1 -1 -1 -1 -1 -1 -1 -1 -1 -1 -1 -1 -1 -1 -1 
-1 -1 -1 -1 -1 0 1 1 1 0 0 -1 -1 -1 -1 -1 
-1 -1 -1 -1 -3 1 1 1 1 3 -1 -1 0 -1 -1 -1 
-1 -1 -1 -1 -3 1 1 -2 0 -3 -8 -1 0 -1 -1 -1 
-1 -1 -1 -1 -1 15 15 11 11 -3 -8 0 0 -1 -1 -1 
-1 -1 -1 -1 -1 14 14 4 3 -2 -5 0 0 -1 -1 -1 
-1 -1 -1 -1 -1 13 15 6 -5 -1 9 0 0 -1 -1 -1 
-1 -1 -1 -1 -1 14 14 7 -2 1 9 0 0 -1 -1 -1 
-1 -1 -1 -1 -1 13 10 -10 -2 1 9 0 0 -1 -1 -1 
-1 -1 -1 -1 -1 6 0 -14 -5 15 9 0 -1 -1 -1 -1 
-1 -1 -1 -1 0 5 5 -3 3 13 10 -1 -1 -1 -1 -1 
-1 -1 -1 -1 -1 5 -1 1 10 11 3 -1 -1 -1 -1 -1 
-1 -1 -1 -1 -1 -1 -1 -1 -1 -1 -1 -1 -1 -1 -1 -1 
-1 -1 -1 -1 -1 -1 -1 -1 -1 -1 -1 -1 -1 -1 -1 -1 
-1 -1 -1 -1 -1 -1 -1 -1 -1 -1 -1 -1 -1 -1 -1 -1 
