2009 2009 2009 2009 2009 2009 2009 2009 2009 2009 2009 2009 2009 2009 2009 2009 
2009 2009 2009 2009 2009 920643458 1392774026 1945040468 -1965958880 1890169106 565953395 2009 2009 2009 2009 2009 
2009 2009 2009 2009 2009 2056888568 -1663245287 -1654560611 -1355334047 1210856125 -535355888 1956488450 2009 2009 2009 2009 
2009 2009 2009 2009 205539341 -1061370923 -1675417248 -1470867067 454631127 -953141694 900115786 1280202203 52307444 2009 2009 2009 
2009 2009 2009 2009 965251112 -2015435472 -1649231890 -1596136939 2094126894 -1130059327 -1941352554 1298821622 271990271 2009 2009 2009 
2009 2009 2009 2009 441999383 1573572678 -733853625 1415143390 673787866 426603309 567926929 1227896768 442854692 2009 2009 2009 
2009 2009 2009 2009 83888084 1234278177 -1802660910 1308032386 1266517003 2083863186 -1886678571 1562191001 513911132 2009 2009 2009 
2009 2009 2009 2009 448052339 1537715493 83229898 1743976804 137443074 1029530361 -1757921670 -1822201175 712277027 2009 2009 2009 
2009 2009 2009 2009 1245858257 877943289 514239841 -729511287 -891230481 -2046687403 -1641073302 -1197694019 826954226 2009 2009 2009 
2009 2009 2009 2009 1602851075 -874190094 1296058060 -267447048 -1059068424 1636733958 -1632322833 -1372374434 583914884 2009 2009 2009 
2009 2009 2009 2009 849060674 2040834820 -18617666 -1465998129 2096495698 404299482 -1662324441 1233226001 149220533 2009 2009 2009 
2009 2009 2009 2009 721422254 -903467979 1707066931 1990503175 2038992616 -31710729 -1303620749 116060861 2009 2009 2009 2009 
2009 2009 2009 2009 396536420 1139997064 -120860500 -815240078 661813028 -1482051621 -1799042039 2009 2009 2009 2009 2009 
2009 2009 2009 2009 2009 2009 102902261 187643645 72637481 2009 2009 2009 2009 2009 2009 2009 
2009 2009 2009 2009 2009 2009 2009 2009 2009 2009 2009 2009 2009 2009 2009 2009 
2009 2009 2009 2009 2009 2009 2009 2009 2009 2009 2009 2009 2009 2009 2009 2009 
