0 0 0 0 0 0 0 0 0 0 0 0 0 0 0 0 
0 0 0 0 0 -12 -12 -4 -4 -4 -4 0 0 0 0 0 
0 0 0 0 0 7 7 3 3 3 -4 0 0 0 0 0 
0 0 0 0 0 6 10 3 5 -7 0 0 0 0 0 0 
0 0 0 0 0 -25 1 -8 -23 -16 -6 0 0 0 0 0 
0 0 0 0 0 -19 -2 -22 -39 -34 -24 0 0 0 0 0 
0 0 0 0 8 26 37 -1 -12 -19 -9 -12 0 0 0 0 
0 0 0 0 8 30 9 -7 -27 -19 -11 -12 0 0 0 0 
0 0 0 0 11 19 25 -6 -13 -3 7 -4 0 0 0 0 
0 0 0 0 3 13 11 10 -8 -8 12 -4 0 0 0 0 
0 0 0 0 2 -4 5 8 -13 -14 6 0 0 0 0 0 
0 0 0 0 0 6 6 0 -8 -1 4 0 0 0 0 0 
0 0 0 0 0 -16 -14 -14 -15 -6 -4 0 0 0 0 0 
0 0 0 0 0 0 0 0 0 0 0 0 0 0 0 0 
0 0 0 0 0 0 0 0 0 0 0 0 0 0 0 0 
0 0 0 0 0 0 0 0 0 0 0 0 0 0 0 0 
