0 0 0 0 0 0 0 0 0 0 0 0 0 0 0 0 
0 0 0 0 0 0 0 0 0 0 0 0 0 0 0 0 
0 0 0 0 0 -8 -8 0 0 0 0 0 0 0 0 0 
0 0 0 0 3 2 2 3 -5 -1 -1 0 0 0 0 0 
0 0 0 0 4 -1 -2 7 -1 -2 1 0 0 0 0 0 
0 0 0 0 1 -4 4 5 0 -2 1 0 0 0 0 0 
0 0 0 0 0 -25 1 0 1 -2 -2 8 0 0 0 0 
0 0 0 0 1 -25 -7 -8 19 -5 6 8 0 0 0 0 
0 0 0 0 1 2 -11 18 -9 6 6 8 0 0 0 0 
0 0 0 0 1 -9 -7 -27 2 7 34 8 0 0 0 0 
0 0 0 0 0 -2 -28 -25 0 26 26 0 0 0 0 0 
0 0 0 0 0 -1 -2 1 0 -1 -1 0 0 0 0 0 
0 0 0 0 1 -1 -1 -5 -4 -5 -2 0 0 0 0 0 
0 0 0 0 0 0 0 0 0 0 0 0 0 0 0 0 
0 0 0 0 0 0 0 0 0 0 0 0 0 0 0 0 
0 0 0 0 0 0 0 0 0 0 0 0 0 0 0 0 
