2024 2024 2024 2024 2024 2024 2024 2024 2024 2024 2024 2024 2024 2024 2024 2024 
2024 2024 2024 2024 2024 836757398 1015122221 933736280 1007884991 1145392361 451407797 2024 2024 2024 2024 2024 
2024 2024 2024 2024 2024 2019518159 1856483105 -601148873 -106648685 1081507102 -1644362681 1747727276 2024 2024 2024 2024 
2024 2024 2024 2024 251726042 -496406417 -1470801003 -1459419070 458973480 218631651 522990325 932946764 51320564 2024 2024 2024 
2024 2024 2024 2024 1126049219 -1723511916 1909972302 -1144270600 1851219153 -800962726 2127681595 728001569 266858432 2024 2024 2024 
2024 2024 2024 2024 465750671 269489640 91980126 1996292974 391470118 1538768196 385943506 592336403 434498996 2024 2024 2024 
2024 2024 2024 2024 -20525392 -1419548256 2009977918 -1464090117 -677271630 1620022551 535688374 989133986 503055302 2024 2024 2024 
2024 2024 2024 2024 252120800 1203618910 1777926007 1022753697 -1015513699 2037939687 -1184864369 1952672471 661155881 2024 2024 2024 
2024 2024 2024 2024 1109798348 1211316691 1954514419 761358108 -1552055614 701486478 170274052 -1314805544 737146796 2024 2024 2024 
2024 2024 2024 2024 1558572401 -1208879070 1579296940 -705562620 -1453563237 141588048 -1017355647 -1547054834 503910611 2024 2024 2024 
2024 2024 2024 2024 846428969 -993604374 297386128 -942154248 -1507645083 103033350 -279552945 1069664618 125535068 2024 2024 2024 
2024 2024 2024 2024 939526064 -1051436421 -1698313197 -606938913 -664705167 457394448 -892611863 97638836 2024 2024 2024 2024 
2024 2024 2024 2024 415879577 781556815 -596280703 -511539575 41319260 -1609953198 -1806871391 2024 2024 2024 2024 2024 
2024 2024 2024 2024 2024 2024 -129741772 -236589604 -91581832 2024 2024 2024 2024 2024 2024 2024 
2024 2024 2024 2024 2024 2024 2024 2024 2024 2024 2024 2024 2024 2024 2024 2024 
2024 2024 2024 2024 2024 2024 2024 2024 2024 2024 2024 2024 2024 2024 2024 2024 
