-1 -1 -1 -1 -1 -1 -1 -1 -1 -1 -1 -1 -1 -1 -1 -1 
-1 -1 -1 -1 -1 1 3 -8 -8 -8 -8 -1 -1 -1 -1 -1 
-1 -1 -1 -1 -1 7 7 1 1 1 0 5 -1 -1 -1 -1 
-1 -1 -1 -1 -1 8 0 4 -1 5 2 2 -1 -1 -1 -1 
-1 -1 -1 -1 -1 15 17 8 0 -3 11 2 -1 -1 -1 -1 
-1 -1 -1 -1 -1 8 16 -13 -9 -17 4 1 -1 -1 -1 -1 
-1 -1 -1 -1 -12 6 -7 -4 -2 -7 2 6 2 -1 -1 -1 
-1 -1 -1 -1 -13 -15 3 1 18 -3 3 6 2 -1 -1 -1 
-1 -1 -1 -1 -19 -15 -10 7 5 -1 10 -5 2 -1 -1 -1 
-1 -1 -1 -1 -8 -6 -10 -8 -1 -5 -8 -14 2 -1 -1 -1 
-1 -1 -1 -1 -4 14 6 11 7 -3 5 2 2 -1 -1 -1 
-1 -1 -1 -1 -1 21 25 26 28 6 16 2 -1 -1 -1 -1 
-1 -1 -1 -1 -1 16 21 23 17 -2 6 -1 -1 -1 -1 -1 
-1 -1 -1 -1 -1 -1 -1 -1 -1 -1 -1 -1 -1 -1 -1 -1 
-1 -1 -1 -1 -1 -1 -1 -1 -1 -1 -1 -1 -1 -1 -1 -1 
-1 -1 -1 -1 -1 -1 -1 -1 -1 -1 -1 -1 -1 -1 -1 -1 
