1977 1977 1977 1977 1977 1977 1977 1977 1977 1977 1977 1977 1977 1977 1977 1977 
1977 1977 1977 1977 1977 986502219 1474291521 2061230874 -1826675131 1987213749 589770429 1977 1977 1977 1977 1977 
1977 1977 1977 1977 1977 -2086228516 -1076503345 -1271842762 -1625545930 606613181 -1237893574 1568375511 1977 1977 1977 1977 
1977 1977 1977 1977 236133054 -256393600 -2098400477 2096232238 261265468 57175582 1210132370 14410644 -50329668 1977 1977 1977 
1977 1977 1977 1977 1079072970 -1748908061 1926288919 -1056305406 -1778515167 -165731358 -777474416 -402782769 -261722577 1977 1977 1977 
1977 1977 1977 1977 588915120 564308026 -225668525 -2029646792 1254213680 1572322579 1649366438 -471339075 -426139284 1977 1977 1977 
1977 1977 1977 1977 95138655 -1074727190 1844311097 -2039515742 -1291449332 1329283237 1300400366 -203693151 -480221130 1977 1977 1977 
1977 1977 1977 1977 481869909 -1906877054 1926157589 -608912750 1307900512 478053403 114349955 526806528 -220865124 1977 1977 1977 
1977 1977 1977 1977 1330468023 623324347 946170854 -1548436790 744054502 1145326009 1444684415 1143944868 119021514 1977 1977 1977 
1977 1977 1977 1977 1700882613 -968669130 206789120 -2147350469 1467383000 1545808000 -1356847574 830967567 288570075 1977 1977 1977 
1977 1977 1977 1977 845442027 -742538589 339362015 -1462774304 653194625 1696737142 -1919246138 542794227 113692281 1977 1977 1977 
1977 1977 1977 1977 838862727 1841284363 1339086650 405681359 1880563040 715105582 -638190379 88427769 1977 1977 1977 1977 
1977 1977 1977 1977 531938382 87045860 198235518 1193025422 -754249999 -394624949 -1633046332 1977 1977 1977 1977 1977 
1977 1977 1977 1977 1977 1977 125271849 228435273 88427769 1977 1977 1977 1977 1977 1977 1977 
1977 1977 1977 1977 1977 1977 1977 1977 1977 1977 1977 1977 1977 1977 1977 1977 
1977 1977 1977 1977 1977 1977 1977 1977 1977 1977 1977 1977 1977 1977 1977 1977 
