2002 2002 2002 2002 2002 2002 2002 2002 2002 2002 2002 2002 2002 2002 2002 2002 
2002 2002 2002 2002 2002 956698015 1456264264 2049388159 -1878914748 1907406865 552268444 2002 2002 2002 2002 2002 
2002 2002 2002 2002 2002 -2107413837 -800501685 -504301599 -730563726 876890850 -1941944442 33095881 2002 2002 2002 2002 
2002 2002 2002 2002 234027703 420024258 1030977800 -1190654687 594507038 -947022952 1931684226 1312046008 54281227 2002 2002 2002 
2002 2002 2002 2002 1083020575 1031043593 -2100835049 2045308481 1984515749 790043578 -987222475 1357180006 282253972 2002 2002 2002 
2002 2002 2002 2002 484896412 -170271050 -2076294004 917221959 1648642740 504501958 -1253947297 1294018726 459566107 2002 2002 2002 
2002 2002 2002 2002 90138412 1329743813 832085817 1584099807 1259213973 -1388560031 -1179272242 1121114722 518121877 2002 2002 2002 
2002 2002 2002 2002 448710262 1868654532 -305804118 1284741657 -207378046 1984318370 -1738446949 640496857 245738857 2002 2002 2002 
2002 2002 2002 2002 1236910402 479764302 1243226274 453249467 1922538743 697867841 -1381125166 1198158325 -113490923 2002 2002 2002 
2002 2002 2002 2002 1653577471 1697921697 311465808 -302514724 -319752490 619968929 -1030053718 1096639726 -297382358 2002 2002 2002 
2002 2002 2002 2002 893141977 -1218090112 -1287501471 -2051950594 -1765093114 856560557 -1762921945 -557264708 -118425398 2002 2002 2002 
2002 2002 2002 2002 855639967 -124347280 2069125803 2137484730 -2010172039 -119741770 2127879208 -92108198 2002 2002 2002 2002 
2002 2002 2002 2002 435222697 1332309996 210144076 -1065319278 487264192 -1340070334 -1747855092 2002 2002 2002 2002 2002 
2002 2002 2002 2002 2002 2002 120797950 220276966 85269730 2002 2002 2002 2002 2002 2002 2002 
2002 2002 2002 2002 2002 2002 2002 2002 2002 2002 2002 2002 2002 2002 2002 2002 
2002 2002 2002 2002 2002 2002 2002 2002 2002 2002 2002 2002 2002 2002 2002 2002 
