-2 -2 -2 -2 -2 -2 -2 -2 -2 -2 -2 -2 -2 -2 -2 -2 
-2 -2 -2 -2 -2 -2 -2 -2 -2 -2 -2 -2 -2 -2 -2 -2 
-2 -2 -2 -2 -2 -12 -6 -4 -4 -4 9 9 -2 -2 -2 -2 
-2 -2 -2 -2 1 -18 1 24 24 -30 10 10 4 -2 -2 -2 
-2 -2 -2 -2 1 -38 -24 22 21 6 8 7 4 -2 -2 -2 
-2 -2 -2 -2 1 -5 -19 18 13 29 24 4 4 -2 -2 -2 
-2 -2 -2 -2 -2 10 -21 10 -4 12 -9 6 6 -2 -2 -2 
-2 -2 -2 -2 -2 18 -4 16 33 28 28 6 6 -2 -2 -2 
-2 -2 -2 -2 -2 39 0 1 17 -8 -5 6 6 -2 -2 -2 
-2 -2 -2 -2 -2 37 6 14 12 -8 -5 6 6 -2 -2 -2 
-2 -2 -2 -2 -2 69 35 10 19 -17 -5 6 0 -2 -2 -2 
-2 -2 -2 -2 -2 -27 -16 -17 0 -17 8 0 -2 -2 -2 -2 
-2 -2 -2 -2 -2 -29 -1 2 -9 -12 20 -2 -2 -2 -2 -2 
-2 -2 -2 -2 -2 -2 -2 -2 -2 -2 -2 -2 -2 -2 -2 -2 
-2 -2 -2 -2 -2 -2 -2 -2 -2 -2 -2 -2 -2 -2 -2 -2 
-2 -2 -2 -2 -2 -2 -2 -2 -2 -2 -2 -2 -2 -2 -2 -2 
