2047 2047 2047 2047 2047 2047 2047 2047 2047 2047 2047 2047 2047 2047 2047 2047 
2047 2047 2047 2047 2047 972225208 1450342939 2002477795 -1931154345 1897669546 560558407 2047 2047 2047 2047 2047 
2047 2047 2047 2047 2047 -2133796785 -1378690524 -1856939841 -377518443 1674236262 -585358530 1793519227 2047 2047 2047 2047 
2047 2047 2047 2047 -15722480 -891295980 867350654 2006161691 -971300780 1571598926 2094192981 1106179756 33556477 2047 2047 2047 
2047 2047 2047 2047 354823696 221987117 -901099649 19936814 -651152042 -1215722031 375153221 997950271 174485083 2047 2047 2047 
2047 2047 2047 2047 -399164084 -1059792365 -123820891 -168230654 99086049 819913645 -798001762 909129721 284096221 2047 2047 2047 
2047 2047 2047 2047 84217087 -1622059343 -991564768 -2045107821 1972410138 667405471 14278616 1178749435 330546079 2047 2047 2047 
2047 2047 2047 2047 445815415 1524754310 -928798246 -156388170 1643971226 943341313 -935180167 1906880566 485093836 2047 2047 2047 
2047 2047 2047 2047 1256779933 1153155446 -726550564 271332123 1099139393 -7499123 259949678 -1782922716 585954505 2047 2047 2047 
2047 2047 2047 2047 1675683964 -1931220650 1898458806 -812015415 -1807003210 -594175304 2024057387 -1871545887 426143308 2047 2047 2047 
2047 2047 2047 2047 917485432 -1866611924 635891136 -1941154881 903339681 -858597371 1298886941 895971121 111323803 2047 2047 2047 
2047 2047 2047 2047 -838858703 -396006532 2013464970 -1959116370 310807923 1939644968 -1687851831 86585635 2047 2047 2047 2047 
2047 2047 2047 2047 -396532364 465355680 -517526459 -311989383 -1969512432 -1037093524 1178091505 2047 2047 2047 2047 2047 
2047 2047 2047 2047 2047 2047 105139261 191722849 74216551 2047 2047 2047 2047 2047 2047 2047 
2047 2047 2047 2047 2047 2047 2047 2047 2047 2047 2047 2047 2047 2047 2047 2047 
2047 2047 2047 2047 2047 2047 2047 2047 2047 2047 2047 2047 2047 2047 2047 2047 
